Latitude(deg),Longitude(deg),Time Zone,Tilt(deg),PV Azimuth(deg),GroundClearance(panel slope lengths),Row-to-Row-Distance rtr,RowType(first interior last single),TransmissionFactor(open area fraction),CellRows(# hor rows in panel),PVfrontSurface(glass or ARglass),PVbackSurface(glass or ARglass),Albedo,Tracking
37.517,-77.317,-5.0,10,223,1,2.484807753012208,interior,0.013,6,glass,glass,0.62,False
Year,Month,Day,Hour,Minute,DNI,DHI,decHRs,ghi,inc,zen,azm,pvFrontSH,aveFrontGroundGHI,GTIfrontBroadBand,pvBackSH,aveBackGroundGHI,GTIbackBroadBand,maxShadow,Tamb,Vwind,No_1_RowFrontGTI,No_2_RowFrontGTI,No_3_RowFrontGTI,No_4_RowFrontGTI,No_5_RowFrontGTI,No_6_RowFrontGTI,No_1_RowBackGTI,No_2_RowBackGTI,No_3_RowBackGTI,No_4_RowBackGTI,No_5_RowBackGTI,No_6_RowBackGTI
1987,1,1,8,0,2,9,7.5,9.101375017957679,89.05467841763134,87.09457464008314,121.88953186426373,0.0,5.307786683987537,8.873582325927062,1.0,5.307786683987537,5.534441042992934,1.4982415489573553,1.1,3.6,8.423238215504583,8.402171207990797,8.394280741667782,8.385034763736018,8.37887919198449,8.371713660701252,3.0467933427138947,3.0208176698453877,3.0122122067780874,3.012366687203761,3.027060090773906,3.039008249791965
1987,1,1,9,0,3,58,8.5,58.524760178051906,80.70203946232311,79.92599390889312,129.41391417115975,0.0,34.10725148117041,57.40821572791999,1.0,34.10725148117041,35.6923598140076,2.484807753012208,1.7,5.2,53.62566715491028,53.52582073170261,53.49021565418847,53.44435697353979,53.41671231311566,53.38094313432328,19.388079114320213,19.270237721641323,19.278978338729353,19.35879904319147,19.51738375407444,19.652353265343457
1987,1,1,10,0,5,74,9.5,75.58207113171035,70.5058508555047,71.5537895265779,140.7113649619976,0.0,43.82142071316569,74.563606482184,1.0,43.82142071316569,46.09707077055687,1.4569484182997192,2.2,4.1,70.62495257072182,70.49732761747022,70.45212723009308,70.39340741281113,70.35821106893562,70.31256487223885,25.230879617309192,24.96085764000641,24.832572212484198,24.80170391948028,24.90356155169962,25.017079838540134
1987,1,1,11,0,10,110,10.5,114.20704516289094,61.94061559803477,65.12092546296138,153.85145937145785,0.0,66.0440324076346,113.50757968118688,1.0,66.0440324076346,69.72409341530432,1.8856470742557883,2.2,5.2,107.73003079571389,107.55982049722226,107.50126952772935,107.42128224488697,107.37551022838596,107.31338599744396,38.454953453896735,38.06765075002539,37.821147986650864,37.66784035432284,37.674228429697486,37.69307988559941
1987,1,1,12,0,10,126,11.5,130.8034005955951,55.80959840618775,61.29238580686506,168.71236787183352,0.0,75.43922830625355,130.60201340448768,1.0,75.43922830625355,79.88530439464998,2.235733271527851,2.2,5.2,124.23503432186367,124.05037726864781,123.98734158763223,123.89984616920414,123.85060758604115,123.78237337805375,43.84653167376954,43.59515591232952,43.46326732925642,43.38721050389533,43.42612563783985,43.41342327765561
1987,1,1,13,0,8,142,12.5,145.9295188118467,52.980860560889596,60.5811829000067,184.48751990082627,0.0,83.92958378947377,146.409423611789,1.0,83.92958378947377,89.14476678190343,2.484807753012208,2.2,5.7,139.38314218225867,139.18486797997215,139.11750983828392,139.02305316749715,138.9706156723037,138.89650330236907,48.22729977723834,48.14883301318477,48.2292532457972,48.3622412293473,48.58108331774988,48.68763084133724
1987,1,1,14,0,5,116,13.5,118.26253072854747,53.9808878856808,63.09541029535042,199.88742523120266,0.0,68.01647988984193,118.37622728972481,1.0,68.01647988984193,72.19999287954647,2.484807753012208,2.8,7.2,112.63897849038973,112.4644109690575,112.40382191102672,112.32178464610247,112.27486385413572,112.21060363141447,38.67848127590253,38.489262976156574,38.53358369659339,38.71209102088823,39.030605867946704,39.296716544762866
1987,1,1,15,0,3,120,14.5,121.1008764381211,58.61044238478672,68.4718187966538,213.83136213146457,0.0,69.09678274175882,122.71491846684498,1.0,69.09678274175882,73.93832095528974,1.437175167649166,2.8,7.2,116.63684980513237,116.459030324277,116.39781678785192,116.31405765258322,116.26652046490666,116.2013635121928,39.63338840375848,39.133045679048166,38.90506198190632,38.88218935261908,39.09446811490664,39.35461572825885
1987,1,1,16,0,2,62,15.5,62.4810735580323,66.09543650724181,76.08177635024639,225.91411254779985,0.0,35.83000095279579,62.60467844253465,1.0,35.83000095279579,38.09384955620594,2.484807753012208,2.8,9.8,59.4053299526054,59.295844024960694,59.25649801451348,59.2065912598052,59.176011148241514,59.13710708048899,20.485082384962478,20.345198743483884,20.324179913413563,20.370397118514592,20.50314766532449,20.61499104699147
1987,1,1,17,0,0,21,16.5,21.0,75.26139431581005,84.99611056735412,236.06076703204292,0.14809314038181834,12.17864455402935,20.644603708423762,1.0,12.17864455402935,12.785837930627219,2.484807753012208,2.8,8.8,19.646546349527984,19.60373922167071,19.587999314933523,19.56889415244426,19.55662978221051,19.541793967035233,6.984778063897555,6.926307389502656,6.9079516021765945,6.9117058517037995,6.948273647674025,6.980047447164957
1987,1,2,8,0,20,10,7.5,11.011067395180175,89.08414108158036,87.10227011713297,121.76094868189031,0.0,6.644191583580799,9.913059866078223,1.0,6.644191583580799,6.862014668355129,1.4353388004941188,2.8,4.1,8.935829747799183,8.968220624887273,8.983532579783683,8.994368768414265,9.006382608595628,9.014554323149804,3.8697939879620114,3.8449946829066706,3.8262989534223126,3.8268607919931408,3.830864354300007,3.8461096181742347
1987,1,2,9,0,36,84,8.5,90.29370066918334,80.73194758520692,79.93152456488664,129.27241605930888,0.0,53.407558759597265,88.14428424785075,1.0,53.407558759597265,55.56247337776223,2.484807753012208,2.8,5.2,77.37182077321935,77.38517767957906,77.40157611911665,77.39452529455683,77.40806056569365,77.40121007014646,29.576584389322136,29.651472586218944,29.965782588623362,30.437212936949372,30.942649266618123,31.37434350607164
1987,1,2,10,0,21,154,9.5,160.65016227670102,70.51572218801748,71.53807493007216,140.56514791097268,0.0,93.30664709324834,160.07884143803378,1.0,93.30664709324834,98.2248910130688,1.447625694782624,3.3,4.6,149.4272437614013,149.23153492492202,149.16876439793234,149.07239680322962,149.02350414162132,148.94877415254516,54.385028072988085,53.33937093864554,52.60147938791375,52.1867080682611,52.19168982067927,52.41255187125249
1987,1,2,11,0,129,174,10.5,228.3558143842506,61.92428250371484,65.07933685829006,153.7043836963056,0.0,130.1800566772045,239.53829720255857,1.0,130.1800566772045,141.7291012568519,1.8778740357073955,4.4,4.6,224.0928574177732,224.52862311901208,224.74634902749654,224.88283285092666,225.05101111236633,225.15609946664114,81.59295309454554,80.15605604988068,78.20618205485245,76.20600983314591,74.30678624420958,72.85371307014933
1987,1,2,12,0,419,125,11.5,326.7113595542801,55.761285657986626,61.22237925120489,168.57424218337803,0.0,178.3718890651495,373.4548283048707,1.0,178.3718890651495,204.607742807097,2.227927106030033,7.2,7.2,354.82839769174916,356.0443650645012,356.60268596932883,357.0295852970779,357.4607911246865,357.7860166885406,117.60601308103256,119.64056595828279,118.88909145517096,116.24783898912423,111.80533035148424,106.63786612460024
1987,1,2,13,0,90,236,12.5,280.33943602074055,52.89871028610826,60.48440754201588,184.37128007539857,0.0,156.63324906018937,300.15085523807267,1.0,156.63324906018937,172.82788868653589,2.484807753012208,7.8,9.3,286.4521894671719,286.5933646608856,286.6845056004278,286.7052770468092,286.77642956000295,286.786714736441,90.57075901444226,92.55244027451069,94.07352950068858,95.00447775278063,95.1930745793807,94.61464046270981
1987,1,2,14,0,4,172,13.5,173.81733928948105,53.87020054023294,62.97785630504906,199.80181444363518,0.0,99.26313174063102,176.45234403917382,1.0,99.26313174063102,106.23377655382778,2.484807753012208,7.2,6.7,168.00882662257754,167.79033224979543,167.71705262990366,167.61123676713726,167.55483212119321,167.47137596599754,56.020229787984015,55.90834079611988,56.156646453001265,56.60494806213468,57.21269735853524,57.70085581222707
1987,1,2,15,0,11,120,14.5,124.05987312834255,58.481494989544366,68.34114882118612,213.77670023719142,0.0,70.40217282862648,126.86257609675702,1.0,70.40217282862648,75.75858023671397,1.4172140335623427,6.7,7.7,120.59340131184187,120.4148087483496,120.35359558811739,120.26919015290126,120.22168928797845,120.15605946749118,40.33193945152126,39.770920128499235,39.50972308754983,39.48247632567529,39.713983834300976,40.012868011975115
1987,1,2,16,0,7,129,15.5,130.70001681471726,65.95802147459123,75.94462530186598,225.88513442773993,0.0,71.2153513358817,141.9658548599045,1.0,71.2153513358817,79.89558047558316,2.484807753012208,6.1,8.2,133.39720520244134,133.23645188704708,133.18173483600805,133.10449355669599,133.06250855255064,133.0013201620852,40.09193412748041,40.14364174664759,40.445878817571135,40.86460566653887,41.35943697896369,41.704893183589476
1987,1,2,17,0,74,33,16.5,39.54687853747643,75.19192607317883,84.92432998771771,236.11638037158386,0.1398679843039671,15.913229482764391,63.210952335084556,1.0,15.913229482764391,24.8299545638883,2.484807753012208,5.0,6.2,29.851085304894987,53.202741925902124,53.2840289677582,53.34975980772236,53.41358236966586,53.46345274474139,9.199943706890695,9.164287721793361,9.14049728471876,9.194580545007101,9.241849871528885,9.341839875276804
1987,1,3,8,0,136,12,7.5,18.863995430943252,89.1119448660223,87.1070211388622,121.62500108645254,0.0,12.729424041737342,11.352826089243903,1.0,12.729424041737342,12.208940788006137,1.3738687121938247,0.6,5.2,7.710536656890926,7.920907790125241,8.013861834495085,8.091181516642648,8.163922350691603,8.222924485627445,7.653533886741233,7.613409814737714,7.532377806653111,7.497048740049695,7.428906238847471,7.4242993447693255
1987,1,3,9,0,548,41,8.5,136.8113877312042,80.75636126350587,79.9307517635597,129.12677103453657,0.0,85.39219095616646,129.92491611170217,1.0,85.39219095616646,86.00968772146673,2.484807753012208,2.8,5.7,86.53311758278738,87.15431438069741,87.43450020283545,87.65217471770306,87.87438785254164,88.03664965096186,42.78635304677178,44.256804144802196,46.41821335206342,49.03272078357423,51.29069694701379,53.14821328308342
1987,1,3,10,0,480,82,9.5,234.18282988142795,70.51945159799513,71.51553239963565,140.41566183757,0.0,136.8268863510995,247.33365715709704,1.0,136.8268863510995,147.36690674750946,1.4379385295269393,4.4,6.2,212.54473246689173,213.65441946038567,214.16738954624606,214.55623198856597,214.9573467821666,215.2569361707387,84.98946073984393,80.09923433372425,75.55652803068864,72.50932340917902,70.92237808971328,71.27272781570801
1987,1,3,11,0,879,49,10.5,420.0574023383183,61.90117492908665,65.03049446162815,153.5553081234378,0.0,234.23730139322623,469.5802497527323,1.0,234.23730139322623,261.45282341904715,1.8697482099463816,5.6,7.2,436.11110449658145,437.05789603217085,437.52841116542334,437.83553559217853,438.1921502854897,438.4369116190814,162.3547305828711,156.9545542506591,148.95550793596723,139.95237062316713,131.21914729933505,124.17978618804871
1987,1,3,12,0,793,62,11.5,444.69857090218903,55.70570332097224,61.144916136953455,168.4358604251778,0.0,240.09238510660055,517.7318249493673,1.0,240.09238510660055,277.08394399860214,2.2197659083673975,6.7,7.2,494.5313039853487,495.65533871355467,496.18793373755005,496.5676848322116,496.97387133015144,497.2648398459235,162.9700086252684,165.61189449112265,163.86385903348918,158.88760470374828,151.29315088231826,142.4966234072253
1987,1,3,13,0,749,95,12.5,465.185948233402,52.80916541108,60.38033587990082,184.25680852029834,0.0,243.48235485693078,563.2805947385286,1.0,243.48235485693078,290.6479109793925,2.484807753012208,6.7,7.7,541.7073033099047,543.1826639387011,543.8554709391311,544.3738938113913,544.8970262802158,545.2784879544472,144.49943663882493,154.9887188952454,161.88173586197013,165.10954885773327,164.04633526698706,159.62026971506225
1987,1,3,14,0,790,67,13.5,427.450484174018,53.752541717782464,62.853551426240855,199.71982296601126,0.0,211.2164103567014,549.0265344081465,1.0,211.2164103567014,266.6072665897323,2.484807753012208,7.8,6.2,527.8529821816859,529.0534252079049,529.5914916873363,530.0053598031704,530.4383772176033,530.7347434389684,99.80223687502978,107.77629294123848,117.17423741308383,126.92412530504025,134.681156482245,139.97956872598343
1987,1,3,15,0,841,46,14.5,358.25871272800185,58.34645494167111,68.2045225750464,213.7269891493503,0.0,160.96625652499904,498.1010747886931,1.0,160.96625652499904,223.30077114876383,2.484807753012208,8.3,6.7,471.7309641404992,472.67469484587275,473.12091971815306,473.4374869009756,473.79032322729574,474.0355968061115,89.41265971180887,82.09940798310744,77.58418919639058,76.46534957520709,78.00520194442764,82.10127651086981
1987,1,3,16,0,708,35,15.5,208.64917439010873,65.81556324551569,75.80237530556902,225.86192091727233,0.0,76.47340603711564,335.29377631993293,1.0,76.47340603711564,130.66727516746056,2.484807753012208,7.8,6.7,302.4620811500819,303.25132399378714,303.59572939748426,303.88245208077393,304.1566481498241,304.3673579713404,37.403389305745,41.17968818737478,45.15216657491475,48.979872472634696,51.62230918601898,52.97868277753905
1987,1,3,17,0,382,20,16.5,54.288947323696775,75.12036205434612,84.85010530518578,236.18022763438063,0.13142644163942035,8.724573622914734,130.15293920758054,1.0,8.724573622914734,34.52555598983145,2.484807753012208,6.7,4.6,32.01050860572161,102.43724624990563,102.61012532557636,102.76041918678878,102.89599941356698,103.01058897076307,5.138517786991786,5.171155381192255,5.158551005671204,5.249765012261692,5.2741469926538045,5.401396953476662
1987,1,4,8,0,50,16,7.5,18.521967099851153,89.13805671258419,87.1088117721932,121.4817791733546,0.0,11.330619212052467,14.867178670059753,1.0,11.330619212052467,11.665524842903457,1.3140922715493737,-3.3,0.0,12.775723693729761,12.872186730495745,12.915978623579164,12.950179747081979,12.984485860380861,13.010469388999539,6.653429108194613,6.609705020066595,6.563934227073318,6.555134832472001,6.544894933483269,6.5678253144593475
1987,1,4,9,0,261,62,8.5,107.66466363336852,80.775234376977,79.92364652942715,128.97707620426863,0.0,65.86323245969038,103.79831683406096,1.0,65.86323245969038,67.7857937845631,2.484807753012208,0.0,2.6,77.12145275330357,77.65836467757606,77.8999576055381,78.0898965712062,78.28080493240266,78.42320455863822,34.38728521902295,35.27607396803072,36.528528989399916,38.08105641368456,39.383540087338055,40.490033909694155
1987,1,4,10,0,516,97,9.5,260.8474742246659,70.51701241535734,71.48615113792016,140.26300144443994,0.0,152.35944280020067,273.57841884149775,1.0,152.35944280020067,163.08979627784925,1.4279050414121093,1.7,4.6,236.80544150604516,237.67360429959922,238.08629886510346,238.37918076388812,238.7023033221981,238.9283460251805,93.51323976421338,88.17744406791995,83.42231107604161,80.32412043312993,78.91698878514806,79.5186661681101
1987,1,4,11,0,663,93,10.5,373.46428996884345,61.871286911245406,64.97440632039739,153.40432452324487,0.0,208.7824420696381,415.4806503007295,1.0,208.7824420696381,233.7091268261713,1.8612832292236372,3.3,4.6,384.9982556268891,386.2956298432476,386.9083642409148,387.3550940210808,387.8253344044511,388.174711186898,143.2408447984273,138.7716418226384,132.08923400773034,124.7111513485021,117.47920034243974,111.79129288863278
1987,1,4,12,0,693,123,11.5,458.3379180420884,55.64286579960186,61.060023264848965,168.2973132669551,0.0,248.60547303201844,529.4169853903504,1.0,248.60547303201844,286.67333147430975,2.211263051931323,4.4,3.1,504.25441633498025,505.81132544205497,506.53114499130373,507.0738503709504,507.6272996582813,508.04233135265633,167.15607741427542,169.7179310740326,168.0041539806563,163.31171452368667,156.02476144061953,147.7017712986698
1987,1,4,13,0,625,142,12.5,451.95522635603385,52.712260264657274,60.26901376354384,184.1441970250412,0.0,238.41915549534514,540.357464542293,1.0,238.41915549534514,282.996268421881,2.484807753012208,5.0,3.6,518.3482556858801,520.0126689425952,520.7664651078994,521.3570257878303,521.9441965850609,522.3817868547208,141.23505095359147,150.65956000121565,156.83976938477525,159.836843460288,158.9366900131585,155.10019611853136
1987,1,4,14,0,564,122,13.5,380.48098445272416,53.62796712111097,62.72256073403734,199.64154062049772,0.0,191.5462644546148,477.6041366871508,1.0,191.5462644546148,238.63517730339254,2.484807753012208,7.2,4.6,457.0636412103057,458.61607792206286,459.3050781071659,459.85681006518155,460.4059896504849,460.8112047249895,93.13024118614149,99.45929135022398,106.88188899359625,114.76925296948836,120.9975866927681,125.4355799842292
1987,1,4,15,0,703,85,14.5,347.6427020314176,58.20539940876553,68.06202218803135,213.68230813816984,0.0,161.82007389213254,475.1940089386115,1.0,161.82007389213254,217.4825391007943,2.484807753012208,6.7,2.6,449.3532980790415,450.55874764019603,451.1161172902423,451.5329695664691,451.9730824211813,452.2938420262622,89.70043206575635,83.10673845061869,79.11679880664498,78.34980806306424,79.9867741947058,84.05288514695026
1987,1,4,16,0,483,63,15.5,182.6670967989138,65.66815516336702,75.65512036413111,225.84453372493715,0.0,71.56174362811176,280.00260542367295,1.0,71.56174362811176,115.00513081483145,2.484807753012208,6.7,2.6,253.0541958691784,253.9671689664421,254.36603828785542,254.70029335921222,255.01555050179846,255.26482868505423,36.880498585758914,39.97245594891097,43.054641965655144,45.95473986934031,47.753152576288194,48.555921571295094
1987,1,4,17,0,185,29,16.5,45.852287202047975,75.04675496455795,84.77348474676826,236.25229513731972,0.12278007052504242,12.841013916135656,91.0055381649081,1.0,12.841013916135656,29.030494797050334,2.484807753012208,4.4,3.6,34.224481655404944,73.73431656521036,73.86288368823935,73.9719991241384,74.07286733828141,74.15592904787161,7.469941702298223,7.466679651307397,7.44767453664483,7.521576496781643,7.559072834331249,7.67545227505026
1987,1,5,8,0,62,13,7.5,16.12851958618972,89.16244383052559,87.10762702957643,121.33137621098469,0.0,10.057503973523236,11.40043388619401,1.0,10.057503973523236,10.354927570113565,1.2562626096387222,-3.3,4.6,9.072284123564437,9.224502670000804,9.291928713813059,9.34768357069356,9.400493887315447,9.442978792884327,5.965692399881082,5.929635135017839,5.87449513471938,5.863388567040046,5.838208408765834,5.863332019915879
1987,1,5,9,0,436,47,8.5,123.38360036638117,80.78852414507463,79.91018338917785,128.82342912515594,0.0,77.4824675544839,117.53112724922806,1.0,77.4824675544839,77.86496876798074,2.484807753012208,-1.1,4.6,80.62138090250014,81.29013433622598,81.58969166813618,81.82742825004564,82.06415630526959,82.24227653146082,39.526659512969246,40.95724797189662,42.84543578229633,45.05773471233985,46.85713387151898,48.31407441051549
1987,1,5,10,0,498,70,9.5,228.43041407081577,70.50838161979485,71.44992399609549,140.107261044143,0.0,133.5132838759551,241.12736445459313,1.0,133.5132838759551,143.60831520970774,1.4175441376807478,0.6,6.2,206.56427670561516,207.59343277391577,208.07071031024543,208.42944190829922,208.80313632405498,209.07961042797785,82.4891206798109,77.46669531111809,72.93340199562152,69.9959874938178,68.6120222065534,69.19441365596441
1987,1,5,11,0,475,123,10.5,324.4115096066113,61.834616088470035,64.91108398078903,153.2515237935368,0.0,182.15914681017577,356.2209511246493,1.0,182.15914681017577,202.95062372535025,1.8524932916850188,1.7,6.2,330.54324222271396,331.6662675954841,332.1957175336623,332.5821294201636,332.98958023143024,333.290519482205,122.54051475388115,119.04455499506066,113.89099428175747,108.28765774249165,102.81312863085638,98.56447763096344
1987,1,5,12,0,752,90,11.5,454.94720499683615,55.572790831936345,60.9677306792143,168.1586902404481,0.0,246.02368188277046,527.7122742406252,1.0,246.02368188277046,284.22059228709463,2.2024323557374292,2.8,5.7,503.38204296857566,504.80169122450116,505.46216805731257,505.95331422157483,506.4597822253201,506.8356972568043,166.4841819566795,169.15340101408552,167.39554974714414,162.4831763970879,154.90095413559126,146.19204109935131
1987,1,5,13,0,866,70,12.5,501.0286563469287,52.608032202865296,60.15049004822258,184.03353635592154,0.0,261.4691466433639,607.1767408169228,1.0,261.4691466433639,311.9879876353855,2.484807753012208,3.9,5.7,585.5552744953019,586.7662269496275,587.3284429088079,587.743120681308,588.1790458344148,588.4799127667181,155.19681203681796,166.7651183661653,174.4038829134987,177.8794623017166,176.67901387214448,171.64887390969346
1987,1,5,14,0,842,66,13.5,453.6845361117359,53.49653531460937,62.58495209409188,199.56705609587982,0.0,224.7095179591243,579.1131830212493,1.0,224.7095179591243,282.74334778159135,2.484807753012208,5.0,5.7,557.2178108621359,558.4150756045483,558.9527630598626,559.362904770684,559.7957628792464,560.0881816006762,107.35791040107975,116.15247541097584,126.19270532199936,136.3358656298859,144.1395078122565,149.23311529989843
1987,1,5,15,0,795,57,14.5,355.921739725479,58.05840824669236,67.91373225787156,213.64273476425194,0.0,163.29126776384567,492.6016970819022,1.0,163.29126776384567,222.15356520536034,2.484807753012208,5.6,5.7,466.7812133967647,467.8279596849561,468.3175581382416,468.6733393919213,469.06082646722973,469.33462682394537,88.88999707610004,82.10203515319863,78.22710325801164,77.77140360324164,79.92462512685249,84.54813698625611
1987,1,5,16,0,658,44,15.5,208.71717111153694,65.51589284824888,75.50295646346112,225.83303206537735,0.0,77.22616035291212,330.82193271892896,1.0,77.22616035291212,130.87533036161076,2.484807753012208,5.0,6.2,299.1729190244039,300.0214820565346,300.3922512476018,300.7012658754418,300.9943254190088,301.2238313917896,39.896300661842076,44.03264051717239,47.94696952584243,51.33933764014638,53.179961136349384,53.59938124511446
1987,1,5,17,0,320,24,16.5,53.78409238800461,74.93466161082836,84.6594488945371,236.29718593558627,0.11021137159892926,10.062238307782687,121.67434770038372,1.0,10.062238307782687,34.173118073700515,2.484807753012208,3.3,4.1,42.85395225475776,96.73331926367746,96.90040829701469,97.04498723669387,97.17603679342955,97.2862352427091,5.9024808486911375,5.926956581674976,5.912302242734032,6.002020146304163,6.03055830442394,6.159132163522151
1987,1,5,18,0,0,0,17.5,0.0,79.88228343543223,89.38479436992989,241.04545342715355,0.8481265959520711,0.0,0.0,1.0,0.0,0.0,2.484807753012208,1.1,4.1,0.0,0.0,0.0,0.0,0.0,0.0,0.0,0.0,0.0,0.0,0.0,0.0
1987,1,6,8,0,120,12,7.5,18.063930376053268,89.18507373067267,87.10345287444919,121.17388847427034,0.0,12.109532050953854,10.887245239894693,1.0,12.109532050953854,11.716841163108624,1.2006221168618962,-4.4,2.1,7.649999229804162,7.860735845280949,7.953716509863122,8.031318167340737,8.104146732642914,8.163299353819607,7.225237973423331,7.17591116641063,7.094838185728157,7.070479525692217,7.025743528916763,7.054692971142041
1987,1,6,9,0,565,33,8.5,132.175977004796,80.79619118292909,79.89034040715083,128.66592768048562,0.0,82.72294329077091,124.51366572965898,1.0,82.72294329077091,83.190362084978,2.484807753012208,-1.7,2.6,81.40418108747166,82.03578977494851,82.31970519920786,82.54222371269424,82.76706679623118,82.93291518176605,41.41616004736024,43.24837224000603,45.60956128852901,48.26017054606925,50.4162473497603,52.08240809884396
1987,1,6,10,0,750,49,9.5,288.13452858613755,70.4935398692849,71.40684748528811,139.9485344490763,0.0,165.9677271343587,304.1578326349904,1.0,165.9677271343587,180.06674941418774,1.4068754231576743,1.1,1.5,259.36603009680306,260.2728694397158,260.70734949595357,261.01053344075643,261.3507724459989,261.58620584449824,102.6950496073703,95.6440006535923,89.43792098807936,85.39000903821076,83.61654046051274,84.42893842258508
1987,1,6,11,0,757,64,10.5,385.8301697559176,61.79116370405935,64.84054247702741,153.09699576246558,0.0,215.2672787184027,430.0261680861977,1.0,215.2672787184027,240.86333579384595,1.8433931021234162,3.9,1.5,399.01910415783294,400.14280285475604,400.6847089242208,401.06324048826764,401.4771762963589,401.77569465226884,148.61272464821323,143.26838518992332,135.6953872594483,127.47659098398411,119.68478743035864,113.67717247223214
1987,1,6,12,0,846,64,11.5,475.8515971552757,55.49549947303258,60.868071638232735,168.02007965654863,0.0,256.84680441855124,552.3854918819734,1.0,256.84680441855124,296.316712193696,2.1932880301917557,5.6,1.5,528.1762490124158,529.3145973563587,529.8580052953619,530.239541580439,530.6525363205113,530.9463259020631,175.42596990538007,177.5340371405376,174.99620056632548,169.10618051441043,160.61532358244725,151.03375510231228
1987,1,6,13,0,716,114,12.5,471.73139339333136,52.496521575184325,60.024816548772705,183.92491618794156,0.0,247.24405343487902,568.1816119967899,1.0,247.24405343487902,294.8345378716026,2.484807753012208,6.7,2.1,546.5610255572873,548.0932701306267,548.7920675037689,549.3308796828929,549.8740924424802,550.2720895970276,148.45574630053108,158.61620569764287,165.00621821341818,167.63728517186328,166.0280072684848,161.1249386777303
1987,1,6,14,0,630,122,13.5,413.47889801086876,53.35830767732678,62.44079610181475,199.49645688657378,0.0,207.55983159968133,519.2457420336766,1.0,207.55983159968133,258.96029770861526,2.484807753012208,7.8,2.1,497.7623953965271,499.3162154387658,500.00666499917344,500.55593785278757,501.1068511223583,501.50846418333145,101.16378537898477,108.55885695783144,116.95816999823764,125.60609273836249,132.2135720552735,136.69208271441084
1987,1,6,15,0,648,79,14.5,324.2623482920173,57.905563937747544,67.75973977292504,213.6083448185535,0.0,147.93875646847619,442.24437921897095,1.0,147.93875646847619,202.98240765061345,2.484807753012208,8.9,4.1,418.5797027384721,419.74988206382926,420.28804809311623,420.6953763614832,421.1204646101353,421.4329962692924,80.20865099408171,74.58023376013064,71.46573689356441,71.35286483057781,73.39813604323493,77.58504217497946
1987,1,6,16,0,319,88,15.5,168.7011314510883,65.35887411566603,75.3459814792764,225.82747260844593,0.0,73.07298291889703,240.09547345587276,1.0,73.07298291889703,105.97086730958932,2.484807753012208,8.3,4.1,218.56768587632456,219.33368396087448,219.6722465716799,219.9495629151585,220.21607403252386,220.4238001495342,39.875408188510775,42.36357756381959,44.64385885047255,46.621082041454216,47.596952350561835,47.77344949243178
1987,1,6,17,0,85,35,16.5,43.13782858754151,74.78212964378221,84.50613552520052,236.3129559064736,0.09370536943874443,16.857373743315037,68.50165353050652,1.0,16.857373743315037,27.071420522813487,2.484807753012208,6.1,3.1,40.37636098081268,57.88704829586027,57.973528812120804,58.04348965651716,58.111389333011964,58.16447065951449,9.746205581671953,9.708641661565258,9.683453870795038,9.740897872549176,9.790908372786042,9.89695834788117
1987,1,6,18,0,0,0,17.5,0.0,79.82472848650484,89.32207348838901,241.1380409917073,0.8335803652834618,0.0,0.0,1.0,0.0,0.0,2.484807753012208,3.9,3.1,0.0,0.0,0.0,0.0,0.0,0.0,0.0,0.0,0.0,0.0,0.0,0.0
1987,1,7,8,0,30,17,7.5,18.519735461366725,89.20591426751149,87.0962762341926,121.00941507441557,0.0,11.121314561624102,16.13904866168715,1.0,11.121314561624102,11.522913627755951,1.147399692054929,3.3,3.6,14.563295126711635,14.611031093499564,14.633889250010647,14.649554188514193,14.667511744764424,14.679279671468732,6.458313748488512,6.40837748964687,6.373379308748262,6.372378763642607,6.384395307398717,6.419119149533442
1987,1,7,9,0,197,62,8.5,96.66876296739136,80.79819955537104,79.86409921858595,128.50466995687125,0.0,58.65703930110534,92.98320039282217,1.0,58.65703930110534,60.40789713555821,2.484807753012208,7.2,5.2,72.29430827271797,72.62030751000808,72.77063868459629,72.88187229103376,73.00075221347575,73.08344494206565,31.16677144587178,31.926528943112537,32.93218153905406,34.10295029302824,35.065616644073096,35.832427358542894
1987,1,7,10,0,409,125,9.5,255.74576828872273,70.47247152511213,71.35692178436008,139.78691486175728,0.0,149.25351483379634,266.1281904006984,1.0,149.25351483379634,160.09943801656456,1.3959191054148916,10.0,6.2,232.43820820647338,233.37287764402066,233.81170191441646,234.13103993445839,234.4752846884616,234.7205784230888,90.32701084016992,85.65814510542526,81.62757185525994,79.19468108182335,78.27625326937262,79.1395567487462
1987,1,7,11,0,518,114,10.5,334.8579335222733,61.74093460692995,64.76280031722416,152.94082909240916,0.0,187.70566521025685,369.47791078987234,1.0,187.70566521025685,210.3080438845217,1.8339978108228694,12.2,7.2,342.11157338607984,343.5533326260819,344.2221299083753,344.72847217117817,345.24459314141285,345.6380114446114,127.08324389549715,122.99840076686411,117.17393447552811,111.03563148088686,105.14832248618949,100.78133400873658
1987,1,7,12,0,583,120,11.5,404.7677886156622,55.411016075443435,60.76108258120229,167.8815685240536,0.0,219.76404084643596,465.7837026838938,1.0,219.76404084643596,253.68957889064916,2.183844622104664,14.4,6.7,443.3461000012262,444.90734462038813,445.62374917113374,446.1737389591417,446.72528903445345,447.1468063473888,148.28840480684352,149.9747348711837,147.95888789016817,143.50335479457203,136.90796247283228,129.63382841208445
1987,1,7,13,0,753,89,12.5,466.7279966172458,52.37777168827013,59.89204799121378,183.8184250391981,0.0,243.95707750711168,563.6939643485819,1.0,243.95707750711168,291.47391696965434,2.484807753012208,15.6,6.2,542.9187105825164,544.3472896397157,545.00083523084,545.5010189765503,546.0086462342242,546.377089399302,146.62262163214953,156.93954465413867,163.4334441790809,166.06961955911083,164.41598785396351,159.38563135901816
1987,1,7,14,0,618,119,13.5,406.36629429280543,53.213348353989325,62.29016601959711,199.4298292344473,0.0,203.85339079613846,510.0945703290488,1.0,203.85339079613846,254.5578821079903,2.484807753012208,15.6,6.2,489.14501868594994,490.69042574230036,491.3759853543909,491.9231466527489,492.469755803472,492.8699200801795,100.04931617289914,107.71162121136354,116.15507886923112,124.58784447694164,130.84210649554186,134.83963441968012
1987,1,7,15,0,498,113,14.5,302.7719703417216,57.74695152715208,67.60013403332471,213.57921226517715,0.0,142.71251207315998,398.51659172985023,1.0,142.71251207315998,189.34140413419664,2.484807753012208,16.1,5.7,377.16508945187894,378.2063912265604,378.6868150525697,379.04734728514677,379.4269477040041,379.70249206137447,77.18487418280519,72.79255088114546,70.53434997772379,70.7814463826287,72.80748478551043,76.54618190006723
1987,1,7,16,0,274,91,15.5,161.06474743541884,65.19719889337831,75.18429508245077,225.8279094315551,0.0,72.37577832095597,220.33078793229583,1.0,72.37577832095597,100.44922848313654,2.484807753012208,15.6,3.6,201.8491981668085,202.32847020434252,202.5453783296749,202.71328294359438,202.8837357487585,203.00872054972353,40.34793160161448,42.42303971528136,44.27024869031002,45.75160333741202,46.371605569567706,46.2628899560044
1987,1,7,17,0,0,30,16.5,30.0,74.62588470258326,84.3488390336972,236.3351420586406,0.0770883973081592,17.049783916637537,30.55515845146587,1.0,17.049783916637537,18.27936849604142,2.484807753012208,14.4,3.6,28.188568119987032,28.73180110249324,28.711277595327566,28.68587720510485,28.66989266196811,28.650150990596405,9.779648930536949,9.698417127386652,9.672727100070885,9.678703491712115,9.729868295983646,9.775188874940278
1987,1,7,18,0,0,1,17.5,1.0,79.76549605505615,89.25719197407143,241.23883270701225,0.8186980721499757,0.5799354549537789,0.9924038760892991,1.0,0.5799354549537789,0.007596116408214948,2.484807753012208,13.9,6.7,0.9355498261679989,0.9384678075190903,0.9398412310543153,0.9408217956052961,0.9419020730413037,0.9426390893382499,0.33410322548031557,0.3321556910121152,0.33128282666875764,0.33249229653261886,0.3342358734466708,0.33698559372586123
1987,1,8,8,0,109,13,7.5,18.541068384476038,89.22493368950089,87.08608502074883,120.83805778549969,0.0,12.226003086290275,11.5042189965209,1.0,12.226003086290275,12.041793397572869,1.096808187646098,0.6,3.1,8.402712422351314,8.624900352547604,8.722820467774564,8.804755691381624,8.881523170596866,8.943917924909265,7.255989999694053,7.201068738428294,7.119999251790704,7.106804620900306,7.078866641827381,7.132757343505435
1987,1,8,9,0,568,34,8.5,134.2773143971889,80.79451682889467,79.83144506058427,128.33975412049685,0.0,85.11617898322507,125.96765358129974,1.0,85.11617898322507,84.5182892910515,2.484807753012208,2.2,3.1,82.54647234708774,83.18956663812322,83.47907235889879,83.70568621274948,83.93453197536589,84.10338853288482,43.03993842597363,45.104439869891706,47.57527824319973,50.219905759319495,52.261608297469465,53.76835993967041
1987,1,8,10,0,777,43,9.5,292.1143573296066,70.44516467335129,71.30015074402385,139.62249476570574,0.0,170.86313080407282,307.3547595090533,1.0,170.86313080407282,182.44815570661868,1.3846958968192518,4.4,3.1,262.42106587827976,263.3024705033961,263.72677654098436,264.01916626919626,264.3517789052985,264.5785264679442,105.09661883785238,98.00706462619478,91.84020715676169,87.88077091413642,86.27150776406174,87.25754088455831
1987,1,8,11,0,867,53,10.5,423.8218617012008,61.68393724898803,64.67787946587049,152.7831111850017,0.0,240.24251943376282,470.999279912478,1.0,240.24251943376282,263.92708501610304,1.8243229509957297,6.1,6.7,437.89420459300226,438.89386915910194,439.39010856324103,439.71526707856304,440.09224460256263,440.35136648332735,165.16899086352407,159.06268566060598,150.60497602763587,141.47437231258,132.94755763733184,126.39480630103913
1987,1,8,12,0,904,59,11.5,502.13349854203767,55.31936826687702,60.64680309285359,167.74324247017933,0.0,275.388992212713,582.1887765448723,1.0,275.388992212713,312.3144545529989,2.1741169593509038,7.2,5.2,557.4462840849833,558.5122270696271,559.0289185998325,559.3788625984632,559.7699977428863,560.040307438494,188.3220413065053,190.14391502239047,187.11436917396387,180.576603884986,171.39026515611405,161.11935742507592
1987,1,8,13,0,904,60,12.5,515.381118296485,52.25182876719782,59.752241961952045,183.71415020780915,0.0,268.4608289630764,623.6888884955115,1.0,268.4608289630764,320.49260355969534,2.484807753012208,8.3,4.6,602.618283759683,603.7060619100291,604.2183514693754,604.5840293039819,604.9797415064855,605.2449281564985,163.5219372778751,174.7640687539974,181.49744396531514,183.7073685162083,181.1133931522036,174.67281984952075
1987,1,8,14,0,892,57,13.5,473.9373906712354,53.061724204092435,62.133137712171525,199.36725807347304,0.0,238.3292933904004,604.1795674405766,1.0,238.3292933904004,294.9039661226134,2.484807753012208,7.8,4.6,582.6419418917527,583.7249516282059,584.2140174291764,584.5783033434932,584.9727935811562,585.229091132225,115.218831829481,125.33701559409575,136.35235376911442,146.900106694984,154.63160970644915,159.10519154415525
1987,1,8,15,0,835,49,14.5,369.4155420327112,57.582658557995174,67.4350065707296,213.55540918696312,0.0,169.440177891906,507.73896298330146,1.0,169.440177891906,230.29006790854518,2.484807753012208,8.3,4.1,482.31268017569,483.2989576629942,483.76290420387255,484.09463568859644,484.462860713377,484.7167200727605,89.53351965888575,83.31604803901512,80.24605021861531,80.67358989064687,83.74617997391094,89.14366176682476
1987,1,8,16,0,715,38,15.5,222.83865447422832,65.03096913657072,75.0179986431836,225.83439397516943,0.0,83.69774366406972,350.4863981445701,1.0,83.69774366406972,139.54106715060013,2.484807753012208,8.3,3.6,318.33131921776175,319.16646755509726,319.5349536489725,319.838035084734,320.12616391933307,320.3528823982052,46.72149676166998,51.523890026626646,55.403749120964655,58.03886410039685,58.61665368376272,57.548196701636435
1987,1,8,17,0,412,22,16.5,63.723453195018266,74.46603299540162,84.18766278993645,236.36377318204907,0.06038554461864352,9.576502079451172,144.43880316929406,1.0,9.576502079451172,40.440461737421856,2.484807753012208,6.7,1.5,78.54071853850698,115.40061709615125,115.59041291960942,115.7554145903011,115.90426140904357,116.03006478493893,5.64083873979252,5.676881467879683,5.663092622652245,5.763137668362745,5.789688813574779,5.929091428186508
1987,1,8,18,0,8,1,17.5,1.1130683495660805,79.70462234390588,89.1901806339542,241.34778980616434,0.8034994235659827,0.5814053434981379,2.422186592015358,1.0,0.5814053434981379,0.007596116408214948,2.484807753012208,3.9,0.0,0.9355527539314732,0.9384700101401545,0.9398434336753793,0.9408233930966784,1.1072555530494892,1.866375880506924,0.33496189071197147,0.3330135067796483,0.3321396659607235,0.3333480234315302,0.3350903546021669,0.33783716297791494
1987,1,9,8,0,55,14,7.5,16.808622735115232,89.24210069744798,87.07286815885098,120.65992086867436,0.0,10.542042550904457,13.096239559995114,1.0,10.542042550904457,10.587090385641686,1.0490421084120598,-4.4,0.0,11.227753815198994,11.315192605976302,11.354960434667811,11.385897041111782,11.417115622433847,11.440547523936237,6.156569865169996,6.1086925310972156,6.063760550213201,6.060727983886343,6.063846724137276,6.1034897334977565
1987,1,9,9,0,438,45,8.5,122.62054566241835,80.78511412140749,79.7923668006751,128.17127829321555,0.0,76.20150813979791,115.73069429952963,1.0,76.20150813979791,77.37181540318036,2.484807753012208,-1.1,2.1,78.89617106765749,79.55626917872826,79.85172784956936,80.08679825827537,80.32007424529591,80.4958483308783,38.95850074440802,40.73497023888389,42.82176611474185,45.065721188154356,46.77897414334971,48.05848286783231
1987,1,9,10,0,661,65,9.5,277.6185022277457,70.41161114277482,71.23654188729557,139.45536581715663,0.0,162.3332281221418,291.5171799808747,1.0,162.3332281221418,173.76445497249983,1.3732269144260647,2.8,1.5,249.54621598532245,250.5202700953128,250.9808032272502,251.3107533389431,251.67242277350422,251.9270553468965,98.70064841712171,92.22621561886726,86.75705640055561,83.4505745619653,82.33966757448707,83.64578075903276
1987,1,9,11,0,753,83,10.5,406.15666374823076,61.620183679296005,64.58580532302423,152.6239280874979,0.0,226.90094864632542,449.9574846712334,1.0,226.90094864632542,253.91396898041216,1.814384375317624,4.4,2.6,417.69660341417665,419.01291008654823,419.64115569074136,420.09002536059455,420.57168558762936,420.9241872194397,155.39399261289924,149.48723110246502,141.45325740560867,133.05178554400504,125.28587033315107,119.55551466709078
1987,1,9,12,0,714,105,11.5,456.31624394212344,55.22058692507625,60.52527586482345,167.60518566296588,0.0,246.91258016385575,526.4725421809017,1.0,246.91258016385575,285.15095977565306,2.1641200955647695,5.6,1.5,502.5869937164324,504.0376801847427,504.713704490863,505.2159330329979,505.73360448808927,506.1199922076935,168.61771523025692,169.95500609348116,166.99525790414353,161.14331560275514,152.9945036476865,144.18931273122237
1987,1,9,13,0,757,88,12.5,471.00535048502616,52.118741914317916,59.60545885467976,183.6121777114783,0.0,246.0998552672436,567.7253851853754,1.0,246.0998552672436,294.0871700012182,2.484807753012208,6.7,2.1,547.2148893819756,548.634811327817,549.2858023115834,549.7819212323241,550.2870693044904,550.6532702692881,149.7824267897674,159.82316019028582,165.7988083148405,167.86552377680457,165.58166432176768,159.9940990239181
1987,1,9,14,0,782,86,13.5,453.4907734311246,52.90350474917273,61.969789580236686,199.30882697721208,0.0,225.07896592558282,574.4532812029894,1.0,225.07896592558282,283.2006314746092,2.484807753012208,7.8,2.6,552.8498951517672,554.254042669051,554.879121470791,555.3687942874695,555.8691288997526,556.2222665395916,109.82264477915031,119.36505963416228,129.60031275957618,139.41652182624244,146.4488742472917,150.5210036960068
1987,1,9,15,0,673,76,14.5,336.0999315773282,57.41277500472797,67.26445106680873,213.53700573382426,0.0,155.65077418148783,456.9828763732055,1.0,155.65077418148783,210.2145144983822,2.484807753012208,7.8,4.1,433.5678283388471,434.715524549541,435.244430235505,435.64187098280235,436.0609217238074,436.3639129989842,81.5579173531527,76.50889035733448,74.24229456470067,75.08094300150259,78.14923004205028,83.2331122399308
1987,1,9,16,0,566,58,15.5,205.94911469887006,64.86028874149407,74.84719513418152,225.8469750013844,0.0,79.88542615642274,315.84823204930336,1.0,79.88542615642274,129.29120917580326,2.484807753012208,7.2,2.6,287.29122632331115,288.18179907473166,288.575148544417,288.89987389082484,289.20661381960537,289.4510234579449,46.00287513866325,50.13180529137969,53.21878495447899,55.10744028052033,55.15539572314816,53.85230313548889
1987,1,9,17,0,219,33,16.5,55.80539670144471,74.3026826025935,84.02271176314652,236.39887476979342,0.043620712127192415,14.594153669508199,106.70828499233909,1.0,14.594153669508199,35.25794849514779,2.484807753012208,5.6,3.1,70.40932674817405,87.58735664511804,87.73220519213208,87.85508599321601,87.96872837028572,88.0622659662421,8.48937015509838,8.485343991883667,8.463784801138964,8.54707595046634,8.589501036181096,8.720766337254227
1987,1,9,18,0,1,1,17.5,1.0153395407232007,79.64214815567105,89.12107458584715,241.46486905590208,0.7880047070106398,0.5801348689831803,1.1721994336935313,1.0,0.5801348689831803,0.007596116408214948,2.484807753012208,3.3,3.1,0.9355502233662177,0.9384681063400745,0.9398415298752995,0.9408220123307034,0.973599952092562,1.059186863884829,0.33421971723365895,0.3322720675219838,0.33139907070400526,0.33260838965385164,0.33435179756276745,0.33710112279540755
1987,1,10,8,0,7,5,7.5,5.359444092297475,89.25738451070697,87.05661562172166,120.47511089461405,0.0,3.2184515340293123,4.999038169185575,1.0,3.2184515340293123,3.345396759446665,1.0042756138799414,2.8,3.1,4.58718838040043,4.605021436021018,4.613352543044587,4.619418669790753,4.625968843833463,4.630536741238495,1.8613921600588277,1.8488023047889357,1.8409786636303171,1.844910027705932,1.8520247736138715,1.866194667094032
1987,1,10,9,0,19,44,8.5,47.381952995582296,80.76996614961458,79.74685696288239,127.99934042878155,0.0,27.80865426835485,46.41642783844578,1.0,27.80865426835485,29.11156698878994,2.484807753012208,2.8,4.1,42.35359346289003,42.34721404234458,42.35022259171953,42.34148701419224,42.34407405786007,42.33671947136604,15.70865135301187,15.702579967347084,15.781964044669643,15.918785637090894,16.08043858002028,16.218423736851456
1987,1,10,10,0,8,61,9.5,63.58260506984264,70.37180651915818,71.16610640630064,139.28561873783497,0.0,36.88807471637059,62.70697681414728,1.0,36.88807471637059,38.768701751256444,1.3615335786930869,3.3,2.1,59.3733453925316,59.26225651041948,59.22262921100972,59.171795599893045,59.140952839035535,59.10145181667287,21.216855143931333,20.979111600164043,20.867569336289282,20.843420587073535,20.937067057519275,21.043264589308357
1987,1,10,11,0,3,95,10.5,96.29216621250033,61.54968953506494,64.48660670025836,152.46336440063956,0.0,55.77507822856991,95.134736228294,1.0,55.77507822856991,58.756516336969995,1.8041981920611092,4.4,0.0,90.38087011768513,90.22862454638168,90.17542723582805,90.10462454822579,90.06316715844181,90.00808379749505,32.19587828424119,31.894688701213553,31.749972665842225,31.706003643268456,31.806873627128695,31.90930187246132
1987,1,10,12,0,6,209,11.5,211.96396563262286,55.11470614998862,60.39654665438566,167.46748073569447,0.0,121.81096185748027,213.35906092498107,1.0,121.81096185748027,129.63791500553998,2.1538692552462972,3.9,3.6,203.0351142012019,202.79628318781897,202.72007373417637,202.60152374080886,202.54165999439806,202.44916036918926,71.57335721945307,71.15452885519946,70.80821666423371,70.48201444415417,70.28870202752599,70.0231124119165
1987,1,10,13,0,3,210,12.5,211.52479080493057,51.97856306581904,59.4517618150897,183.5125922297391,0.0,121.41265822889244,213.8420445254783,1.0,121.41265822889244,129.36345611542535,2.484807753012208,3.9,2.1,203.72937153262131,203.4905160845616,203.41356571205148,203.29534369730004,203.23539808053778,203.1422575500282,70.1846721464275,70.21507537388584,70.36115437240953,70.50172457604991,70.6843204723974,70.66113322368827
1987,1,10,14,0,1,248,13.5,248.47254765019827,52.738762118371916,61.80020249248043,199.2546181091378,0.0,140.97085496843002,256.19608793464994,1.0,140.97085496843002,152.08301131386878,2.484807753012208,4.4,2.1,244.2597345862892,244.01948433734418,243.9444381010374,243.8211805827538,243.76395256733025,243.66550511431979,79.13577721646189,79.47495836819175,80.24696206831732,81.19200013536236,82.17959027347025,82.85333138231799
1987,1,10,15,0,4,158,14.5,159.55723127560503,57.23739320531139,67.08856327058747,213.52407007375893,0.0,90.3891681795397,163.76390805285263,1.0,90.3891681795397,97.50444171197867,2.484807753012208,4.4,2.6,155.73909396914993,155.53280739655878,155.46390796343567,155.36436282640048,155.31111663908897,155.2333699790179,51.36840395025787,50.723254162562625,50.50040187261497,50.598010571984595,51.02992474213882,51.53831503908934
1987,1,10,16,0,1,129,15.5,129.26434457471663,64.68526345769514,74.67198903300661,225.86569855548183,0.0,71.54289575960591,137.14089573035545,1.0,71.54289575960591,78.9904658173766,2.484807753012208,4.4,3.1,129.41138043026467,129.24342832016367,129.18634363270428,129.10627954684568,129.06170705589028,128.99897448659016,41.13283182692996,41.192206372722936,41.35448138770697,41.50976727422539,41.67236892808284,41.68557121137102
1987,1,10,17,0,0,37,16.5,37.0,74.13594330232192,83.85409234443593,236.4404690055118,0.026816587673736,20.645447066094388,38.64792167327913,1.0,20.645447066094388,22.554608890849074,2.484807753012208,4.4,3.1,35.71148753110861,36.112487877868645,36.08854457975276,36.05859642063096,36.03995299740144,36.01666570674968,11.842825498365709,11.74485388318729,11.713754096433922,11.721416765338818,11.783338300402514,11.838697996131344
1987,1,10,18,0,0,1,17.5,1.0,79.57811858417757,89.04991296345585,241.59002285667464,0.772234633515578,0.5799354549537789,0.9924038760892991,1.0,0.5799354549537789,0.007596116408214948,2.484807753012208,4.4,3.6,0.9355498261679989,0.9384678075190903,0.9398412310543153,0.9408217956052961,0.9419020730413037,0.9426390893382499,0.33410322548031557,0.3321556910121152,0.33128282666875764,0.33249229653261886,0.3342358734466708,0.33698559372586123
1987,1,11,8,0,26,17,7.5,18.34382319686155,89.27075494076604,87.03731847390863,120.28373656493635,0.0,11.00301963607446,16.049635941097375,1.0,11.00301963607446,11.415386126638625,0.9626608652945379,1.7,4.6,14.567758437725239,14.61581728943866,14.638782485763707,14.654596838129175,14.672664173914903,14.684520290551482,6.369611771257823,6.3202628760750645,6.288404920473718,6.294080919441794,6.314962767101683,6.35869648230824
1987,1,11,9,0,117,69,8.5,89.93008202887816,80.74905127383325,79.69491175113907,127.8240381895254,0.0,54.203512390999684,86.72196880443357,1.0,54.203512390999684,55.79557838729817,2.484807753012208,2.8,6.7,71.85044233169776,72.0182325464554,72.10050839382629,72.15244898760575,72.21760787863235,72.25537507598185,29.59266889376944,30.12583608761114,30.809529749927062,31.56981979317162,32.1944761297694,32.658048490213815
1987,1,11,10,0,171,130,9.5,185.4213347986403,70.32575015594878,71.0888591554421,139.11334320903808,0.0,108.77971154944822,188.7455400525322,1.0,108.77971154944822,114.98239087917112,1.3496375119852386,4.4,7.7,169.91041870455004,170.2251445704279,170.38594608435227,170.4796783774226,170.60637086051895,170.67761469141314,64.17469795548588,61.79708559844948,59.91146407351935,58.90336993073733,58.74826161904135,59.42233120327374
1987,1,11,11,0,695,95,10.5,395.51490840525696,61.47247402950297,64.38031579343932,152.30150318820776,0.0,224.46367095693972,436.69837845823207,1.0,224.46367095693972,247.34913030907322,1.7937807013199296,5.6,7.7,405.6761165866316,406.9891883968597,407.61541980812206,408.06342465911507,408.5439494945682,408.89564149999796,152.7078025523368,146.86016930599618,139.07306410291537,131.04308261708746,123.6669060891763,118.3406866724997
1987,1,11,12,0,683,128,11.5,466.80549711878814,55.00176323329933,60.26066424054287,167.33020871343118,0.0,257.18365264006536,535.0133622538835,1.0,257.18365264006536,292.0013839773311,2.1433797796371,6.1,7.2,510.46803164322523,512.0620004674136,512.8017870334509,513.3561120224714,513.923998420687,514.3502752892977,174.46165417399789,175.40478909972995,172.21116715560177,166.32388703825427,158.24303418766013,149.672069066002
1987,1,11,13,0,307,205,12.5,361.7771406875038,51.83134694609588,59.29121668353478,183.4154770489713,0.0,195.7024472876745,410.82137828215815,1.0,195.7024472876745,225.43836979581425,2.484807753012208,6.1,7.2,393.4537402461151,394.43575852954297,394.89349016892703,395.22874619241986,395.58504147330655,395.83365427162573,117.83047273096668,122.59051271444768,125.29601010931682,126.1666346247562,124.8828341646113,122.01770162522041
1987,1,11,14,0,275,210,13.5,340.69337641127777,52.56757099240798,61.62445971613738,199.2047121757951,0.0,179.3149760658775,397.5222864624872,1.0,179.3149760658775,212.36238851982182,2.484807753012208,6.7,7.7,380.03306010536454,380.9950378555874,381.43363086188214,381.7625410190904,382.111334157671,382.35104467733936,94.24605074374924,98.77259845567093,103.64775080251073,108.40933250508233,111.82828916913739,113.85511883050184
1987,1,11,15,0,561,110,14.5,330.03410585284,57.05660779213034,66.90744091479492,213.51666834648387,0.0,156.3803448669847,436.65192927561566,1.0,156.3803448669847,207.1060577154595,2.484807753012208,6.7,7.7,413.7361403761054,415.1182624451295,415.7462577825059,416.23392608390714,416.7310696489613,417.1012047312289,81.11184823457761,77.28780546680976,76.01955605001726,77.60357560634536,80.9729300306579,86.06181251514927
1987,1,11,16,0,92,54,15.5,78.59755648545593,64.50600079898256,74.49248622377193,225.8906079303799,0.0,37.60010498355483,101.26355368550239,1.0,37.60010498355483,49.32641178750336,2.484807753012208,7.8,9.3,93.13418543349022,93.47940380119762,93.63457661991949,93.75842174744326,93.8794768964714,93.97309298968159,22.165388187302543,22.931986543592394,23.422657567384945,23.69837248231398,23.58645005273595,23.270189515153923
1987,1,11,17,0,150,37,16.5,53.50721369461752,73.96592639762781,83.68191217167703,236.48857475416057,0.009994631728813805,16.32089134116686,93.50705230673455,1.0,16.32089134116686,33.91298723293641,2.484807753012208,6.7,11.8,74.58504616640923,78.05421937110043,78.21021267044586,78.34229500495698,78.46468545474914,78.56521445021087,9.48843570204185,9.48113126332494,9.456918124625048,9.547354605651005,9.595248825573425,9.739186174027957
1987,1,11,18,0,9,2,17.5,2.1607249800275605,79.51258268663152,88.97673860334278,241.72319934823113,0.7562101840046578,1.1619603346479164,3.622984054683129,1.0,1.1619603346479164,0.015192232816429896,2.484807753012208,6.1,6.7,1.8711038141083038,1.876938746031318,1.8796855931017675,1.881645862020872,2.3785469439594364,2.954436744647715,0.6694270308376515,0.6655307544006135,0.6637836376683783,0.6662009961458905,0.669686379168227,0.6751816804991022
1987,1,12,8,0,144,12,7.5,19.498807999235733,89.28218247165461,87.01496892078323,120.08590853324989,0.0,13.646474120888186,10.875845175550065,1.0,13.646474120888186,12.603906692183918,0.924326747457525,1.1,6.2,7.5872111219139,7.798646496675234,7.892254019809181,7.969769558736888,8.043217810362885,8.10213742832054,8.032142478490075,7.96749970971348,7.887431085225394,7.885979645313936,7.8815832663107654,7.957065888113659
1987,1,12,9,0,546,32,8.5,130.22102969360284,80.7223515400464,79.636531069905,127.64546882375109,0.0,81.54024671589903,120.97908754614693,1.0,81.54024671589903,81.96852774412211,2.484807753012208,2.8,7.2,79.19760121635109,79.82242587204549,80.10331285441762,80.32418096044584,80.54606237420549,80.71014712182418,41.52068819023497,43.89228130684716,46.46239052719721,49.014118381153565,50.852555657344396,52.07381680715389
1987,1,12,10,0,659,55,9.5,269.4970098757867,70.27344518130036,71.004818640973,138.93862776722753,0.0,157.60329727193317,282.06932712242985,1.0,157.60329727193317,168.8174574497711,1.337560437818438,5.0,6.7,241.49659505514532,242.48894067525038,242.95544996517953,243.2934252259543,243.660364483085,243.920755173753,94.95931561232868,88.63322665545833,83.4240146695928,80.477192314066,79.73198073601985,81.34680535449824
1987,1,12,11,0,757,82,10.5,410.6731218188453,61.388559936573145,64.2669681524226,152.13842588840473,0.0,229.38337226631927,453.4286078663123,1.0,229.38337226631927,256.68243919359884,1.7831483317992425,6.7,7.2,421.49298864917716,422.80279006040337,423.43014459707234,423.87548807840693,424.3564625786513,424.70670877560286,156.7341347537276,150.24184538413564,141.80864245322294,133.23138359596317,125.5019008626219,120.03466290925554
1987,1,12,12,0,911,60,11.5,513.8786097891096,54.881798625411385,60.11768037759232,167.19344894179352,0.0,277.1093103091708,592.8985051894691,1.0,277.1093103091708,319.5719646396029,2.13266707370382,8.3,6.7,568.501496058689,569.5761901359544,570.0991884972818,570.4515832217081,570.8471051392426,571.1206871761007,191.4337941375089,192.19321653503576,188.015113828605,180.44278131675432,170.45041767818427,159.84504396411847
1987,1,12,13,0,865,49,12.5,492.9036413542969,51.67715102002563,59.123891935757335,183.32091401020412,0.0,260.9733419601695,594.237918201418,1.0,260.9733419601695,306.2171986429104,2.484807753012208,9.4,7.7,575.365506739887,576.2949897840991,576.7394000198979,577.045349434461,577.3875580147953,577.6090919170676,161.94347194548945,171.99554741420906,177.4867509848691,178.50526482862463,175.08670636104875,168.11735592668018
1987,1,12,14,0,820,60,13.5,451.99133891510826,52.39000854606107,61.44264684620464,199.15918838274348,0.0,227.5750928415059,571.6886948396129,1.0,227.5750928415059,281.5042031215535,2.484807753012208,10.6,6.2,551.8571814814518,552.9817736687671,553.4879550135355,553.8714887346152